UNITS=INCH
ID=338
#
#Component attribute names
#


# CMP 0
CMP 19 16 7.4 0.0 N U12 ??? ;;ID=345
PRP PART_NAME 'CC1310LaouchPad' 
PRP VALUE 'CC1310LauchPad' 
TOP 0 15.1 7.85 0.0 N 2 4 1
TOP 1 15.1 7.75 0.0 N 69 14 2
TOP 2 15.1 7.65 0.0 N 69 15 3
TOP 3 15.1 7.55 0.0 N 69 16 4
TOP 4 15.1 7.45 0.0 N 69 17 5
TOP 5 15.1 7.35 0.0 N 69 18 6
TOP 6 15.1 7.25 0.0 N 69 19 7
TOP 7 15.1 7.15 0.0 N 69 20 8
TOP 8 15.1 7.05 0.0 N 72 2 9
TOP 9 15.1 6.95 0.0 N 73 2 10
TOP 10 16.9 6.95 0.0 N 12 1 11
TOP 11 16.9 7.05 0.0 N 10 1 12
TOP 12 16.9 7.15 0.0 N 8 1 13
TOP 13 16.9 7.25 0.0 N 6 1 14
TOP 14 16.9 7.35 0.0 N 4 1 15
TOP 15 16.9 7.45 0.0 N 69 21 16
TOP 16 16.9 7.55 0.0 N 69 22 17
TOP 17 16.9 7.65 0.0 N 69 23 18
TOP 18 16.9 7.75 0.0 N 69 24 19
TOP 19 16.9 7.85 0.0 N 69 25 20
TOP 20 15.2 7.85 0.0 N 74 0 21
TOP 21 15.2 7.75 0.0 N 69 26 22
TOP 22 15.2 7.65 0.0 N 75 1 23
TOP 23 15.2 7.55 0.0 N 71 1 24
TOP 24 15.2 7.45 0.0 N 76 1 25
TOP 25 15.2 7.35 0.0 N 77 1 26
TOP 26 15.2 7.25 0.0 N 70 1 27
TOP 27 15.2 7.15 0.0 N 69 27 28
TOP 28 15.2 7.05 0.0 N 69 28 29
TOP 29 15.2 6.95 0.0 N 69 29 30
TOP 30 16.8 6.95 0.0 N 69 30 31
TOP 31 16.8 7.05 0.0 N 69 31 32
TOP 32 16.8 7.15 0.0 N 69 32 33
TOP 33 16.8 7.25 0.0 N 69 33 34
TOP 34 16.8 7.35 0.0 N 69 34 35
TOP 35 16.8 7.45 0.0 N 69 35 36
TOP 36 16.8 7.55 0.0 N 69 36 37
TOP 37 16.8 7.65 0.0 N 69 37 38
TOP 38 16.8 7.75 0.0 N 16 1 39
TOP 39 16.8 7.85 0.0 N 14 1 40
#
